51 20 20
19 13 13
25 7 38
42 21 10
37 32 22
17 27 23
|
4 20 26
41 10 17
40 5 6
15 36 16
|
18 17 33
45 39 10
|
13 5 25
44 30 15
|
/52 30 40
27 30 48
23 16 57
8 31 62
7 17 63
|
14 12 42
26 27 68
6 21 47
12 31 32
|
31 37 69
48 25 55
11 42 41
|
47 25 32
32 38 46
43 5 64
24 8 52
46 32 39
1 37 52
|
/53 50 30
50 56 37
39 59 15
34 61 33
16 52 41
|
9 52 33
10 51 21
30 58 27
49 48 28
|
33 46 10
5 40 30
38 45 35
|
/54 60 50
21 62 42
3 52 64
28 43 67
22 42 57
2 49 49
|
36 63 69
20 57 58
29 58 48
35 62 63
|
/