161 0 0
-10 0 12
15 20 0
13 0 20
24 30 30
27 -40 40
11 -20 20
2 -10 0
31 40 0
38 50 -50
|
4 0 -10
23 30 0
8 10 10
3 -10 10
18 -30 0
39 50 0
29 0 40
37 0 50
35 -50 50
|
12 0 -20
9 -20 -20
14 20 -20
26 -40 0
5 0 10
40 50 50
32 40 40
7 10 0
34 -50 0
20 0 -30
30 40 -40
|
6 10 -10
33 -50 -50
36 0 -50
25 -40 -40
28 0 -40
17 -30 -30
22 30 -30
10 -20 0
16 20 20
21 0 30
19 -30 30
|
/162 110 0
42 100 0
53 110 20
55 130 0
65 70 -40
41 100 -10
67 70 40
64 140 30
71 150 0
78 160 -50
|
44 110 -10
48 120 10
50 90 0
69 110 40
75 60 50
77 110 50
80 160 50
43 100 10
58 80 0
62 140 -30
70 150 -40
|
45 110 10
54 130 -20
79 160 0
61 110 30
56 130 20
63 140 0
49 90 -20
68 110 -40
76 110 -50
|
47 120 0
51 90 20
59 80 30
72 150 40
74 60 0
66 70 0
60 110 -30
46 120 -10
57 80 -30
73 60 -50
52 110 -20
|
/163 110 110
81 100 100
114 60 110
82 100 110
95 130 110
93 110 130
111 150 110
104 140 140
91 90 130
107 70 150
|
84 110 100
90 90 110
98 80 110
88 120 120
83 100 120
117 110 160
120 160 160
109 110 150
115 60 160
|
85 110 120
87 120 110
103 140 110
106 70 110
89 90 90
94 130 90
100 110 80
105 70 70
108 110 70
113 60 60
116 110 60
118 160 60
|
96 130 130
101 110 140
112 150 150
99 80 140
119 160 110
86 120 100
92 110 90
97 80 80
102 140 80
110 150 70
|
/164 0 110
121 -10 100
158 50 60
145 -40 70
122 -10 110
151 40 110
135 20 110
133 0 130
144 30 140
131 -20 130
147 -40 150
|
128 10 120
143 30 110
138 -30 110
148 0 70
156 0 60
150 40 70
142 30 80
124 0 100
130 -20 110
157 0 160
155 -50 160
|
123 -10 120
125 0 120
129 -20 90
140 0 80
134 20 90
146 -40 110
152 40 150
160 50 160
149 0 150
|
127 10 110
132 0 90
153 -50 60
137 -30 80
126 10 100
159 50 110
154 -50 110
136 20 130
141 0 140
139 -30 140
|
/